605.421 Foundations of Algorithms 		            Project 1

Supplemental Input: Size 108

60065
68593
69899
46844
99178
50973
43558
24539
1873
99135
9901
19684
4090
15317
7847
581
3616
97056
39158
42785
57056
53352
99161
10533
67081
98146
67743
70242
71386
47751
47664
40676
20496
11458
81083
63755
23860
35031
59142
27972
33387
35951
65365
83877
45682
6426
97667
39259
13467
6338
53431
16099
29581
57721
35576
69000
30605
33115
42416
83794
18020
53216
96453
77179
61898
36769
96558
44031
91194
18859
56332
48994
45508
35169
36385
48953
8457
13034
86141
65200
31465
55930
67922
42378
97230
67409
80820
47127
13668
88080
87610
98020
98131
81295
75505
81265
89590
79459
84170
36727
97866
9212
98342
78085
5987
36411
3159
80129