605.421 Foundations of Algorithms 		            Project 1

Supplemental Input: Size 84

50348
67661
26367
62669
54514
51465
68652
64834
58236
59845
50909
64046
97731
14497
98634
69379
79321
7464
23372
11750
46718
39112
51041
77787
22371
42877
57458
16666
83843
3750
70575
63189
56051
91121
63099
23885
32551
37360
58659
62279
64674
70356
28078
93510
52334
51533
38306
59871
67568
10577
48432
53702
16066
73343
90864
51506
68019
60386
30518
10671
1667
16945
86060
77089
89258
23004
38899
12794
50855
64337
72051
92540
73276
85811
55544
51650
12794
46840
66468
21030
17553
90683
29899
69239